Output from Joule-Thief circuit using transformer from phone charger.

Normal

1 1,75
0 2,98
1 1,72
0 3,00
1 1,75
0 3,04
1 1,70
0 2,93
1 1,75
0 2,98
1 1,73
0 3,00
1 1,75
0 3,04
1 1,70
0 2,93
1 1,75
0 2,98
1 1,73
0 3,00

count1s 2/ . 211369  ok.
count1s 2/ . 211369  ok.

Reverse

1 9,68
0 26,19
1 9,69
0 26,19
1 9,69
0 26,19
1 9,68
0 26,19
1 9,68
0 26,19
1 9,68
0 26,19
1 9,68
0 26,19
1 9,68
0 26,19
1 9,69
0 26,19
1 9,68
0 26,19

count1s 2/ . 27860  ok.
count1s 2/ . 27873  ok.
count1s 2/ . 27874  ok.
